LLL
5
0
P
5
0
1
0 0 0 0 0 0 0 0 0 0 0 0 0 0 0 
0 0 0 0 0 1 -1 0 0 0 0 0 0 0 0 
0 0 0 0 0 -1 0 1 0 0 0 0 0 0 0 
0 0 0 0 0 0 0 -1 1 0 0 0 0 0 0 
0 0 0 0 0 0 0 0 -1 1 0 0 0 0 0 
0 0 0 0 0 0 0 0 0 -1 1 0 0 0 0 
0 0 0 0 0 0 0 0 0 0 0 0 0 0 0 
0 0 0 0 0 0 0 0 0 0 0 0 0 0 0 
0 0 0 0 0 0 0 0 0 0 0 0 0 0 0 
0 0 0 0 0 0 0 0 0 0 0 0 0 0 0 
0 0 0 0 0 0 0 0 0 0 0 0 0 0 0 
0 0 0 0 0 0 0 0 0 0 0 0 0 0 0 
0 0 0 0 0 0 0 0 0 0 0 0 0 0 0 
0 0 0 0 0 0 0 0 0 0 0 0 0 0 0 
0 0 0 0 0 0 0 0 0 0 0 0 0 0 0 
