NHOMMOT
23
0
Pig
Bot
22
1
Black
0
1 -1 0 0 0 0 0 0 0 0 0 0 0 0 0 
0 -1 0 0 -1 0 1 0 0 0 0 0 0 0 0 
0 1 0 0 0 0 -1 0 0 0 0 0 0 0 0 
0 0 0 0 1 0 1 0 0 0 0 0 0 0 0 
0 0 0 -1 1 -1 -1 0 0 0 0 0 0 0 0 
0 0 0 0 -1 0 1 0 -1 1 0 0 0 0 0 
0 0 0 0 0 1 -1 0 1 -1 0 0 0 0 0 
0 0 0 0 0 0 0 0 0 1 -1 0 0 0 0 
0 0 0 0 0 1 0 0 1 0 -1 1 0 0 0 
0 0 0 0 0 0 0 -1 0 -1 1 -1 0 0 0 
0 0 0 0 0 0 0 0 0 0 0 0 0 0 0 
0 0 0 0 0 0 0 0 0 0 0 0 0 0 0 
0 0 0 0 0 0 0 0 0 0 0 0 0 0 0 
0 0 0 0 0 0 0 0 0 0 0 0 0 0 0 
0 0 0 0 0 0 0 0 0 0 0 0 0 0 0 
