BINH
5
1
Dragon
BAOBAO
4
0
Yellow
1
0 0 0 0 0 0 0 0 0 0 0 0 0 0 0 
0 -1 1 0 0 0 0 0 0 0 0 0 0 0 0 
0 0 -1 1 0 0 0 0 0 0 0 0 0 0 0 
0 0 0 -1 1 0 0 0 0 0 0 0 0 0 0 
0 0 0 0 -1 1 0 0 0 0 0 0 0 0 0 
0 0 0 0 0 -1 0 0 0 0 0 0 0 0 0 
0 0 0 0 0 0 0 0 0 0 0 0 0 0 0 
0 0 0 0 0 0 0 0 0 0 0 0 0 0 0 
0 0 0 0 0 0 0 0 0 0 0 0 0 0 0 
0 0 0 0 0 0 0 0 0 0 0 0 0 0 0 
0 0 0 0 0 0 0 0 0 0 0 0 0 0 0 
0 0 0 0 0 0 0 0 0 0 0 0 0 0 0 
0 0 0 0 0 0 0 0 0 0 0 0 0 0 0 
0 0 0 0 0 0 0 0 0 0 0 0 0 0 0 
0 0 0 0 0 0 0 0 0 0 0 0 0 0 0 
