THANHBINH
18
0
Blue
CSLT
18
0
Green
1
3
300
0
0
0 -1 -1 1 -1 1 -1 0 0 0 0 0 0 0 0 0 1 -1 1 1 1 1 0 0 0 0 0 0 0 0 0 -1 1 1 -1 -1 -1 0 0 0 0 0 0 0 0 0 1 -1 -1 1 -1 1 0 0 0 0 0 0 0 0 0 -1 1 -1 1 -1 -1 0 0 0 0 0 0 0 0 0 0 0 0 0 1 1 0 0 0 0 0 0 0 0 0 0 0 0 0 -1 1 0 0 0 0 0 0 0 0 0 0 0 0 0 1 -1 0 0 0 0 0 0 0 0 0 0 0 0 0 0 0 0 0 0 0 0 0 0 0 0 0 0 0 0 0 0 0 0 0 0 0 0 0 0 0 0 0 0 0 0 0 0 0 0 0 0 0 0 0 0 0 0 0 0 0 0 0 0 0 0 0 0 0 0 0 0 0 0 0 0 0 0 0 0 0 0 0 0 0 0 0 0 0 0 0 0 0 0 0 0 0 0 0 0 0 0 0 0 0 0 0 0 0 0 0 0 0 0 0 